Listen to usb of hdk
hdkcom.exe -port COM14 460800 -uart -r 39 -dec ref_codec_enc.bit ref_codec_dec_dec.pcm

wr: 0x61 0x00 0x04 0x04 0x00 0x01 0x2F 0x2E
rd: 0x61 0x00 0x01 0x04 0x01

wr: 0x61 0x00 0x11 0x00 0x10 0x00 0x32 0x00 0x40 0x0B 0x07 0x09 0x27 0x05 0x18 0x40 0x15 0x00 0x01 0x2F 0x37
rd: 0x61 0x00 0x10 0x00 0x10 0x00 0x32 0x00 0x40 0x00 0x0B 0x00 0x09 0x00 0x05 0x00 0x15 0x00 0x2F 0x4F

wr: 61 00 12 01 01 48 C6 59 2D DA 16 25 57 93 85 03 A0 02 00 00 2F CE
wr: 61 00 12 01 01 48 E8 D0 F3 C8 50 32 65 3D B8 03 A0 02 00 00 2F 55
rd:
61 01 44 02 00 A0 00 00 00 00 00 00 00 00 00 00 00 00 00 00 00 00 00 00 00 00 00 00 00 00 00 00 00 00 00 00 00 00 00 00 00 00 00 00 00 00 00 00 00 00 00 00 00 00 00 00 00 00 00 00 00 00 00 00 00 00 FF FF 00 00 00 00 00 00 00 00 00 00 00 00 00 00 00 00 00 00 00 00 FF FF 00 01 00 00 00 00 00 01 00 00 00 00 FF FF 00 00 00 00 FF FF 00 01 FF FF 00 00 00 01 FF FF 00 00 00 00 00 00 FF FF 00 00 00 00 FF FF 00 00 00 00 00 00 FF FF 00 00 00 00 00 00 00 00 FF FF 00 00 00 00 00 01 FF FF 00 00 00 01 00 02 00 02 00 02 00 00 FF FF 00 00 FF FF 00 01 FF FF 00 00 00 00 FF FF 00 00 00 00 00 00 00 00 00 00 FF FF 00 01 00 00 FF FF 00 00 00 00 00 01 FF FF 00 00 00 01 FF FF 00 00 00 01 FF FF 00 01 00 00 FF FF 00 00 00 00 00 00 00 00 FF FF FF FF 00 01 00 00 FF FF 00 00 00 00 00 00

rd:
00 00 00 00 00 00 00 00 00 00 00 00 00 00 00 00 00 00 00 00 00 00 00 00 00 00 00 00 00 01 00 00 00 00 00 00 00 01 00 00 00 00 00 00 00 00 00 00 00 00 00 00 00 00 00 01 FF FF 00 01 00 00 FF FF 00 00 00 00 00 00 2F CB 61 01 44 02 00 A0 FF FF 00 01 00 00 00 00 00 01 00 00 00 01 00 00 00 00 00 01 00 00 FF FF 00 00 FF FF 00 00 00 00 00 00 00 00 00 00 00 00 FF FF 00 00 00 00 00 00 00 00 00 00 FF FF 00 00 00 00 FF FF 00 00 00 00 00 00 00 00 00 00 00 01 00 00 00 00 00 01 00 00 00 00 00 00 00 00 00 00 00 00 00 00 00 00 00 00 00 01 00 00 00 00 00 00 00 00 00 00 00 00 00 00 00 00 00 00 00 00 FF FF 00 00 00 00 00 00 00 00 00 00 00 00 00 00 00 00 FF FF 00 00 00 00 00 00 00 00 FF FF 00 00 00 00 00 00 00 00 00 00 00 00 00 00 00 00 00 00 00 00 00 00 00 00 00 00 00 00 00 00

wr: 61 00 12 01 01 48 81 0A A7 67 38 89 C3 09 F2 03 A0 02 00 00 2F 16

rd:
 00 00 00 00 00 00 00 00 00 00 00 00 00 00 00 00 00 00 00 00 00 00 00 00 00 00 00 00 00 00 00 00 00 00 00 00 00 00 00 00 FF FF 00 00 00 00 00 00 00 00 00 00 00 00 00 01 00 00 00 00 00 00 00 00 00 00 00 00 00 00 00 00 00 00 00 00 00 00 00 00 00 00 00 00 00 00 00 00 00 00 00 00 00 00 00 00 00 00 00 00 00 00 00 00 00 00 00 00 00 00 00 00 00 00 00 00 FF FF 00 00 00 01 00 00 00 00 00 00 00 00 00 00 00 00 00 00 00 00 00 00 00 00 2F C9 61 01 44 02 00 A0 00 00 00 00 00 00 00 00 00 00 00 00 00 00 00 00 00 00 00 00 00 00 FF FF 00 00 00 00 00 00 00 00 00 00 00 00 00 00 00 01 00 00 FF FF FF FF 00 01 00 01 00 00 00 00 00 00 00 00 00 00 00 00 00 00 00 00 00 00 00 01 00 01 FF FF 00 01 00 00 FF FF 00 00 00 00 00 00 00 01 00 01 FF FF FF FF FF FF 00 00 00 01 00 01 00 01 FF FF
 
 //continue send encoded data and receive speech data
 
wr: 61 00 04 04 00 00 2F 2F //packet type 0x04 is for hdk